0 (681,643) -> 1;  2;  3
1 (618,657) -> 4;  0;  5
2 (777,652) -> 0;  6;  7
3 (674,861) -> 8;  9;  6;  0;  10
4 (562,736) -> 11;  12;  1;  336
5 (68,664) -> 13;  1
6 (813,740) -> 2;  3;  7;  14
7 (922,643) -> 2;  6;  15
8 (617,869) -> 16;  3;  17
9 (669,1033) -> 17;  3;  18;  10
10 (777,949) -> 19;  9;  3
11 (500,756) -> 20;  21;  12;  4;  336
12 (498,724) -> 11;  22;  4
13 (66,716) -> 23;  5
14 (856,833) -> 6;  24;  25;  26
15 (979,640) -> 27;  7;  28
16 (495,866) -> 29;  20;  8;  30
17 (616,1032) -> 8;  31;  9
18 (668,1136) -> 9;  32
19 (872,951) -> 26;  33;  10
20 (498,837) -> 66;  16;  11
21 (418,755) DS19 -> 22;  66;  11
22 (421,723) -> 21;  12
23 (73,797) -> 108;  109;  13
24 (825,833) -> 71;  14
25 (874,831) -> 14;  26;  337
26 (872,869) -> 25;  14;  19
27 (954,711) -> 15;  73;  337;  340
28 (1021,641) -> 15;  74;  75
29 (417,867) -> 57;  65;  66;  16
30 (491,982) -> 43;  56;  16
31 (616,1056) -> 17;  40;  43
32 (692,1278) -> 34;  35;  18;  36
33 (927,984) -> 67;  19
34 (701,1320) -> 37;  32;  38
35 (632,1284) -> 37;  39;  32;  40
36 (758,1276) -> 41;  32;  38;  42
37 (639,1318) -> 44;  35;  34
38 (760,1311) -> 34;  36;  45
39 (487,1282) -> 46;  44;  35;  43
40 (616,1169) -> 35;  31
41 (943,1281) -> 47;  48;  36;  45
42 (757,1209) Z15 -> 36
43 (491,1208) -> 39;  31;  30
44 (488,1315) -> 39;  37;  49
45 (948,1318) -> 41;  38;  50
46 (362,1275) -> 39;  49;  55;  334
47 (1116,1275) -> 62;  41;  52
48 (944,1112) -> 63;  41;  64
49 (372,1319) -> 51;  46;  44
50 (1228,1315) -> 45;  52;  53
51 (179,1320) -> 55;  49
52 (1228,1275) -> 50;  47;  92;  92;  160
53 (1411,1311) -> 182;  160;  50
333 (3674,805) -> 
55 (187,1275) -> 46;  61;  51
56 (456,981) DA17 -> 57;  30
57 (418,981) -> 68;  69;  29;  56
58 (366,1086) -> 59;  111;  110;  335
59 (367,1193) -> 113;  58;  60;  334
60 (326,1210) -> 114;  111;  59
61 (195,1239) -> 114;  116;  55;  334
62 (1093,1232) -> 101;  105;  156;  47
63 (972,1112) -> 48;  106
64 (950,1016) -> 100;  48;  67
65 (395,867) DS18 -> 29;  70
66 (421,840) -> 29;  70;  21;  20
67 (947,987) -> 64;  76;  33
68 (391,982) -> 107;  57
69 (418,1039) -> 57;  335
70 (393,837) -> 66;  65
71 (809,851) DS1 -> 24
336 (546,766) DS3 -> 4;  11
73 (888,742) DS2 -> 27
74 (1072,565) -> 28;  75;  77
75 (1117,641) -> 74;  28;  78
76 (952,947) -> 67;  79;  338
77 (1072,476) D14 -> 74;  80
78 (1276,637) -> 75;  81;  82
79 (995,941) -> 96;  76;  97;  100
80 (1080,319) D13 -> 77
81 (1275,690) -> 78;  83;  84;  341
82 (1466,633) -> 84;  85;  78
83 (1273,823) -> 81;  86;  87;  341
84 (1465,684) -> 81;  88;  89;  82
85 (1512,635) -> 89;  129;  82
86 (1225,824) DS10 -> 83;  102
87 (1271,869) -> 143;  126;  83
88 (1440,872) -> 124;  125;  126;  84;  127
89 (1508,684) -> 84;  85;  128;  127
90 (1190,1098) DS12 -> 91;  92
91 (1230,1074) -> 93;  91;  91;  94;  95;  92;  90
92 (1229,1189) DS13 -> 91;  52;  52;  95;  90
93 (1276,1032) -> 137;  155;  91
94 (1181,1015) -> 104;  91;  97
95 (1313,1187) -> 92;  158;  91;  161
96 (1096,943) -> 98;  97;  79;  99
97 (1095,1019) -> 94;  96;  79;  100;  101
98 (1098,863) -> 102;  96
99 (1223,944) DS11 -> 103;  96
100 (1002,1014) DS6 -> 97;  64;  79;  106
101 (1098,1138) -> 105;  62;  97
102 (1138,824) -> 86;  98
103 (1269,943) -> 143;  99;  155
104 (1223,1012) -> 155;  94
105 (1043,1136) -> 101;  62;  106;  156
106 (996,1095) DS7 -> 105;  63;  100
107 (388,1023) -> 110;  68
108 (97,853) -> 120;  23;  109
109 (150,823) U10 -> 108;  23
110 (369,1048) -> 107;  58;  111
111 (326,1053) -> 60;  112;  58;  110
112 (227,1044) -> 111;  115;  116;  117
113 (395,1190) DS15 -> 59
114 (229,1212) -> 115;  60;  61
115 (233,1098) U11 -> 114;  112;  116
116 (218,1093) -> 115;  61;  112;  117
117 (160,1035) -> 112;  116;  118
118 (124,1004) -> 117;  119
119 (113,924) -> 118;  120
120 (75,895) -> 119;  108
121 (2405,1010) -> 122;  123
122 (2380,1155) -> 224;  192;  121
123 (2400,891) -> 121;  203;  204
124 (1440,929) U7 -> 88;  125;  135;  134
125 (1404,929) -> 124;  136;  137;  88;  136;  137
126 (1337,869) -> 136;  88;  138;  87
127 (1505,872) -> 132;  133;  134;  88;  89
128 (1592,682) D15 -> 130;  89
129 (1688,632) -> 130;  85;  131
130 (1685,676) -> 142;  128;  129
131 (1911,645) -> 129;  167
132 (1569,923) -> 133;  134;  127
133 (1591,878) -> 139;  140;  134;  132;  127
134 (1498,924) -> 124;  133;  132;  127
135 (1440,1025) -> 145;  124
136 (1338,929) -> 125;  137;  126;  125;  143
137 (1339,1024) -> 136;  125;  125;  144;  145;  93;  143
138 (1338,842) U8 -> 126
139 (1711,907) -> 133;  140;  141
140 (1703,848) -> 139;  133;  142
141 (1718,938) -> 139;  170;  171
142 (1694,723) -> 168;  140;  130
143 (1279,927) -> 103;  137;  136;  87
144 (1336,1066) DS14 -> 137;  159
145 (1395,1033) -> 137;  135;  157
146 (3721,1132) -> 147;  148;  149;  346;  348
147 (3758,1134) -> 150;  151;  146;  346;  348
148 (3705,1040) -> 152;  153;  149;  146;  154
149 (3624,1128) -> 148;  154;  146;  349
150 (3753,1312) -> 176;  332;  147;  347;  351
151 (3799,1136) -> 312;  332;  147
152 (3728,983) -> 322;  148;  153;  317
153 (3736,1014) -> 148;  152;  317
154 (3664,1010) -> 294;  322;  149;  148
155 (1270,1016) -> 93;  104;  103
156 (1027,1203) DS8 -> 105;  62
157 (1395,1114) -> 158;  159;  145;  160
158 (1337,1167) -> 95;  161;  157
159 (1356,1111) -> 157;  144
160 (1395,1277) -> 53;  157;  161;  52
161 (1342,1205) -> 95;  158;  160
162 (2617,935) -> 163;  164
163 (2707,935) -> 165;  162;  234
164 (2602,1069) -> 166;  162
165 (2722,818) -> 163;  216;  169
166 (2602,1176) -> 193;  193;  164;  219
167 (2375,789) -> 169;  131
168 (1936,705) -> 215;  142
169 (2529,848) -> 167;  203;  165
170 (1718,966) -> 141;  212;  342
171 (1880,908) -> 141;  205
172 (4213,1408) -> 173;  174
173 (4050,1410) -> 172;  175;  176
174 (4217,1268) A0 -> 177;  172
175 (4054,1175) -> 178;  173
176 (3748,1414) -> 150;  179;  173;  351
177 (4201,1115) -> 178;  180;  181;  174
178 (4058,1130) -> 319;  328;  315;  180;  177;  175
179 (3451,1410) -> 176;  244;  194;  350
180 (4144,1025) -> 178;  177;  181;  328
181 (4203,983) -> 180;  331;  177
182 (1821,1310) -> 183;  184;  185;  53
183 (1820,1062) -> 182;  200;  196;  201
184 (1981,1311) -> 191;  208;  182
185 (1864,1273) -> 208;  182;  209;  210;  211
186 (2350,1314) -> 187;  188;  189
187 (2178,1311) -> 190;  191;  186
188 (2355,1262) -> 192;  190;  186
189 (2552,1318) -> 193;  186;  194
190 (2180,1256) -> 228;  188;  187
191 (2091,1312) -> 213;  184;  187
192 (2366,1212) -> 188;  228;  122
193 (2535,1182) -> 203;  166;  166;  189
194 (3024,1368) -> 241;  189;  179
195 (1535,1049) -> 196;  197
196 (1617,1056) -> 183;  198;  195;  199
197 (1526,1129) -> 195
198 (1612,1126) -> 196
199 (1638,1022) -> 196;  202
200 (1836,1036) -> 183;  212;  202
201 (1846,1083) -> 183;  211
202 (1726,1022) D9 -> 200;  199
203 (2523,890) -> 169;  193;  123
204 (2168,897) -> 205;  206;  123
205 (2076,901) -> 171;  207;  204
206 (2158,816) U6 -> 204
207 (2076,1031) Z11 -> 205;  236
208 (1983,1280) -> 209;  185;  184;  211
209 (1987,1245) -> 208;  210;  213;  185;  211
210 (1993,1206) D8 -> 185;  209;  211;  343
211 (1864,1200) -> 210;  201;  185;  209;  208
212 (1836,970) -> 200;  170
213 (2090,1245) -> 209;  191;  214
214 (2106,1173) -> 238;  213
215 (1975,718) -> 168
216 (2919,765) -> 217;  218;  165
217 (2964,756) -> 220;  221;  216
218 (2902,884) -> 222;  216;  223
219 (2631,1188) -> 239;  166;  240
220 (3009,813) -> 217;  221;  269
221 (2993,751) -> 220;  270;  217
222 (2899,952) -> 218;  232;  233;  230
223 (2876,882) B7 -> 218
224 (2279,1145) -> 225;  226;  122
225 (2177,1145) U5 -> 227;  224;  228
226 (2278,1088) D10 -> 227;  229;  224
227 (2167,1083) D7 -> 236;  237;  226;  225
228 (2185,1207) -> 190;  225;  192
229 (2272,1040) D11 -> 226;  236
230 (2854,973) -> 222;  231
231 (2764,993) -> 234;  235;  230
232 (2968,965) -> 222;  275;  276
233 (2873,1021) HB6 -> 222
234 (2706,985) D5 -> 254;  231;  163
235 (2753,1089) -> 231;  243
236 (2155,1043) -> 237;  207;  227;  229
237 (2129,1079) -> 236;  238;  227
238 (2109,1113) -> 237;  214
239 (2643,1076) -> 219;  164;  242
240 (2670,1194) -> 219;  242;  243
241 (3038,1236) U3 -> 248;  249;  250;  194
242 (2680,1081) -> 239;  240;  254
243 (2756,1206) -> 240;  250;  235
244 (3465,1283) -> 245;  179;  246;  247;  350
245 (3485,1132) -> 299;  302;  244;  303;  297;  349
246 (3196,1254) -> 258;  244;  249
247 (3437,1256) -> 244;  297
248 (3055,1104) -> 251;  252;  241
249 (3157,1270) S2 -> 246;  241
250 (2861,1216) -> 253;  241;  243
251 (3008,1096) -> 267;  279;  248;  345
252 (3062,1086) -> 278;  279;  248;  281
253 (2900,1187) Z3 -> 250;  345
254 (2679,1028) D6 -> 242;  234
255 (3236,1176) -> 256;  257;  258
256 (3271,1198) S1 -> 259;  260;  255
257 (3275,1149) -> 261;  262;  263;  259;  255
258 (3197,1205) D4 -> 264;  246;  255
259 (3280,1168) -> 256;  263;  257
260 (3362,1197) -> 256;  301
261 (3247,1110) -> 262;  257
262 (3284,1115) -> 291;  261;  257
263 (3301,1153) -> 259;  300;  257
264 (3210,1108) -> 284;  281;  261;  258
345 (2966,1127) B6 -> 267;  251;  266;  268;  253
266 (3012,1181) U4 -> 268;  345
267 (2979,1095) -> 251;  345
268 (2967,1173) -> 266;  345
269 (3026,844) -> 271;  272;  273;  220
270 (3104,720) -> 221;  273;  274
271 (2987,876) B5 -> 276;  272;  269
272 (3022,890) -> 276;  271;  269;  275;  280
273 (3088,818) -> 280;  269;  270;  282
274 (3280,743) -> 285;  286;  270
275 (3005,962) -> 277;  232;  272
276 (2975,918) -> 272;  271;  232
277 (3042,977) -> 275;  278;  279
278 (3075,962) -> 277;  252;  280
279 (3031,1082) -> 252;  277;  251
280 (3073,916) -> 272;  278;  273
281 (3111,1094) -> 283;  264;  252
282 (3133,841) HB4 -> 273;  344
283 (3113,1066) B4 -> 281
284 (3211,1082) B3 -> 264
285 (3249,850) -> 274;  287
286 (3356,755) -> 287;  274;  288
287 (3339,863) HB2 -> 286;  285;  308
288 (3674,805) -> 289;  290;  286
289 (3670,842) -> 292;  288;  293
290 (3728,814) -> 320;  321;  288
291 (3319,1118) -> 305;  299;  262
292 (3667,875) -> 294;  295;  296;  289
293 (3561,825) -> 289;  296
294 (3648,960) -> 295;  292;  322;  154
295 (3628,917) Z19 -> 294;  309;  292
296 (3558,863) -> 292;  293;  307
297 (3441,1168) -> 298;  247;  245;  299
298 (3401,1156) -> 300;  301;  299;  297
299 (3422,1126) -> 304;  298;  291;  245;  297
300 (3357,1163) -> 298;  263;  301
301 (3379,1182) -> 300;  298;  260
302 (3511,980) -> 306;  307;  245
303 (3551,1145) A4 -> 149;  245;  349
304 (3422,1108) B1 -> 299
305 (3319,1097) B2 -> 291
306 (3497,872) -> 308;  302;  307
307 (3538,905) -> 306;  309;  302;  296
308 (3446,868) HB1 -> 306;  287
309 (3579,916) Z20 -> 307;  295
310 (3926,1126) -> 311;  312;  313;  314;  315;  316
311 (3869,1146) A2 -> 312;  310
312 (3828,1130) -> 312;  313;  310;  312;  311;  151
313 (3855,1046) -> 312;  310;  317
314 (3923,1004) -> 318;  310
315 (3998,1137) A1 -> 319;  178;  310
316 (3936,1314) HA1 -> 310
317 (3805,993) -> 330;  153;  152;  318;  313
318 (3884,1001) -> 314;  317
319 (4035,1104) C3 -> 315;  178
320 (3720,889) -> 290;  322;  323
321 (3827,831) -> 324;  290;  325
322 (3704,976) -> 294;  320;  152;  154
323 (3751,894) -> 320;  324;  327
324 (3824,851) -> 323;  326;  321;  327
325 (3980,860) -> 321;  328
326 (3896,912) -> 327;  324;  328;  329
327 (3820,904) -> 323;  326;  330;  329;  324
328 (4061,933) -> 178;  331;  180;  326;  325
329 (3830,952) C2 -> 326;  327;  330
330 (3819,950) C3 -> 327;  317;  329
331 (4158,951) -> 181;  328
332 (3795,1304) HA2 -> 151;  150
334 (364,1238) -> 59;  46;  61
335 (409,1082) DS16 -> 58;  69
337 (951,836) -> 338;  27;  25;  339;  340
338 (947,892) U9 -> 337;  76
339 (1000,840) DS5 -> 337
340 (1000,740) DS4 -> 27;  337
341 (1228,735) DS9 -> 83;  81
342 (1673,976) D12 -> 170
343 (1991,1171) HD8 -> 210
344 (3158,845) HB3 -> 282
346 (3752,1096) U1 -> 147;  146
347 (3708,1298) A3 -> 150;  348
348 (3718,1162) -> 146;  347;  147
349 (3545,1131) C4 -> 303;  245;  149
350 (3496,1332) D1 -> 179;  244
351 (3727,1359) U2 -> 150;  176
